Линейный поиск
  случайный массив
    9.7092e-03
    1.6913e-03
    7.3176e-03
    1.0411e-02
    1.0509e-02
    1.1731e-02
    1.0489e-02
    1.1983e-02
    9.8881e-03
  отсортированный массив
    7.7268e-03
    2.1741e-03
    1.1354e-02
    1.5600e-02
    1.9749e-02
    2.1056e-02
    1.8059e-02
    1.9554e-02
    1.6124e-02
  отсортированный в сторону убывания массив
    6.9079e-03
    3.4108e-03
    1.3652e-02
    1.5758e-02
    1.7715e-02
    1.9506e-02
    1.7929e-02
    2.0988e-02
    1.6798e-02
Бинарный поиск
  случайный массив
    2.3000e-06
    2.2000e-06
    2.3000e-06
    2.4000e-06
    2.0000e-06
    2.4000e-06
    2.4000e-06
    2.5000e-06
    2.4000e-06
  отсортированный массив
    2.0000e-06
    2.2000e-06
    1.7000e-06
    2.3000e-06
    2.4000e-06
    2.4000e-06
    2.1000e-06
    2.4000e-06
    2.4000e-06
  отсортированный в сторону убывания массив
    1.8000e-06
    2.3500e-06
    2.0000e-06
    2.0000e-06
    2.0000e-06
    2.0000e-06
    2.0000e-06
    2.1000e-06
    2.2000e-06
Интерполяционный поиск
  случайный массив
    3.0000e-07
    3.0000e-07
    3.0000e-07
    3.0000e-07
    3.0000e-07
    3.0000e-07
    3.0000e-07
    2.0000e-07
    3.0000e-07
  отсортированный массив
    1.5000e-06
    1.3000e-06
    1.3000e-06
    1.2000e-06
    1.4000e-06
    1.4000e-06
    7.0000e-07
    1.0000e-06
    1.6000e-06
  отсортированный в сторону убывания массив
    3.0000e-07
    3.0000e-07
    3.0000e-07
    3.0000e-07
    3.0000e-07
    3.0000e-07
    3.0000e-07
    3.0000e-07
    3.0000e-07
Экспоненциальный поиск
  случайный массив
    1.1000e-06
    8.0000e-07
    7.0000e-07
    1.1000e-06
    7.0000e-07
    7.0000e-07
    1.3000e-06
    1.2000e-06
    1.0000e-06
  отсортированный массив
    8.1605e-04
    3.4090e-04
    1.5122e-03
    2.4055e-03
    3.9254e-03
    4.6671e-03
    4.4757e-03
    4.8482e-03
    7.9442e-03
  отсортированный в сторону убывания массив
    6.0000e-07
    6.0000e-07
    6.0000e-07
    6.0000e-07
    6.0000e-07
    7.0000e-07
    1.2000e-06
    6.5000e-07
    7.0000e-07
Джамп-поиск
  случайный массив
    1.4500e-05
    2.7050e-05
    1.2400e-05
    2.1350e-05
    1.5000e-05
    1.6200e-05
    2.1400e-05
    1.8600e-05
    1.9000e-05
  отсортированный массив
    9.8950e-05
    3.8900e-05
    1.2245e-04
    1.4145e-04
    1.5160e-04
    1.5925e-04
    1.3030e-04
    1.3215e-04
    9.9400e-05
  отсортированный в сторону убывания массив
    9.8000e-06
    1.1300e-05
    1.2900e-05
    1.3700e-05
    1.5000e-05
    3.1500e-05
    1.7000e-05
    3.1400e-05
    1.8700e-05
